157 1150 
157 1328 
157 318 
157 183 
157 508 
112 157 
112 1181 
112 247 
112 1335 
112 361 
112 850 
112 1115 
112 273 
112 451 
112 659 
112 397 
112 511 
112 831 
112 1061 
112 1093 
112 236 
112 1021 
112 501 
112 482 
112 616 
112 754 
112 742 
24 112 
24 1129 
24 1316 
24 1227 
24 30 
24 138 
24 833 
24 315 
24 1139 
24 193 
24 1303 
2 24 
2 725 
2 638 
2 815 
2 916 
2 381 
2 328 
2 1219 
2 115 
2 691 
2 477 
2 199 
2 134 
2 1217 
2 1370 
2 1065 
2 1159 
2 973 
2 1273 
2 1284 
2 213 
2 531 
2 114 
2 1028 
2 885 
2 393 
2 132 
2 61 
2 148 
2 224 
2 1038 
2 1260 
2 1327 
2 900 
2 971 
2 830 
2 1269 
2 457 
2 891 
2 1015 
2 1291 
2 1248 
2 653 
2 265 
2 146 
2 593 
2 827 
2 1340 
2 1019 
2 1040 
2 1292 
2 543 
2 860 
2 1087 
2 596 
2 908 
2 274 
2 205 
2 454 
2 758 
2 504 
2 774 
2 139 
2 661 
2 918 
2 437 
2 967 
2 256 
2 259 
2 1267 
2 216 
2 385 
2 286 
2 94 
2 904 
2 640 
2 857 
2 322 
2 425 
2 720 
2 1295 
2 1195 
2 1221 
2 96 
2 858 
2 986 
2 1027 
2 537 
2 166 
2 683 
2 309 
2 740 
2 176 
2 1008 
2 890 
2 1062 
2 268 
2 208 
2 73 
2 1199 
2 819 
2 586 
2 841 
2 124 
2 1182 
2 460 
2 1250 
2 71 
2 1286 
2 848 
2 835 
2 351 
2 194 
2 1071 
2 1162 
2 1330 
2 147 
2 1262 
2 1356 
2 1029 
2 651 
2 828 
2 266 
2 926 
2 646 
2 499 
2 413 
2 925 
2 844 
2 745 
2 525 
2 370 
2 12 
2 934 
2 106 
2 62 
2 1146 
2 294 
2 136 
2 546 
2 1113 
2 293 
2 914 
2 1282 
2 244 
2 1111 
2 723 
2 1263 
2 766 
2 757 
2 1073 
2 473 
2 1296 
2 798 
2 1275 
2 409 
2 1209 
2 1293 
2 589 
2 1322 
2 1298 
2 180 
2 669 
2 161 
2 655 
2 1245 
2 906 
2 666 
2 1022 
2 702 
2 130 
2 681 
2 1367 
2 261 
2 756 
2 662 
2 299 
2 1307 
2 468 
2 248 
2 151 
2 1149 
2 311 
2 1143 
2 1060 
2 105 
2 40 
2 793 
2 349 
2 1037 
2 289 
2 1047 
2 1051 
2 1165 
2 1007 
2 685 
2 490 
2 735 
2 170 
2 1112 
2 1078 
2 382 
2 809 
2 1215 
2 1235 
2 956 
2 911 
2 871 
2 995 
2 150 
2 253 
2 456 
2 1152 
2 239 
2 909 
2 1201 
2 178 
2 919 
2 542 
2 978 
2 648 
2 1265 
2 1095 
2 191 
2 19 
2 304 
2 1077 
2 1320 
2 565 
2 824 
2 78 
2 140 
2 554 
2 1002 
2 627 
2 158 
2 1084 
2 792 
2 645 
2 118 
2 231 
2 929 
2 222 
2 898 
2 335 
2 257 
2 89 
2 1362 
2 1081 
2 127 
2 1035 
2 791 
2 15 
2 1173 
2 489 
2 533 
2 100 
2 514 
2 10 
2 523 
2 1243 
2 1220 
2 612 
2 814 
2 924 
2 488 
2 137 
2 271 
2 544 
2 497 
2 962 
2 478 
2 453 
2 763 
2 846 
2 1229 
2 945 
2 1222 
2 1090 
2 620 
2 1305 
2 310 
2 859 
2 558 
2 556 
2 1006 
2 263 
2 255 
2 912 
2 182 
2 1341 
2 470 
2 52 
2 360 
2 808 
2 998 
2 765 
2 174 
2 330 
2 82 
2 782 
2 272 
2 48 
2 964 
2 1233 
2 1259 
2 313 
2 1186 
2 1023 
2 837 
2 678 
2 1319 
2 316 
2 741 
2 179 
2 1127 
2 625 
2 738 
2 1358 
2 630 
2 1290 
2 345 
2 807 
2 458 
2 1137 
2 357 
2 128 
2 1063 
2 867 
2 411 
2 592 
2 1301 
2 712 
2 405 
2 787 
2 512 
2 921 
2 771 
2 1224 
2 856 
2 467 
2 13 
2 317 
2 1119 
2 1251 
2 863 
2 632 
2 414 
2 1140 
2 668 
2 46 
2 509 
2 280 
2 877 
2 502 
2 196 
2 936 
2 615 
2 1138 
2 737 
2 566 
2 439 
2 406 
2 1153 
2 747 
2 466 
2 95 
2 577 
2 1096 
2 368 
2 8 
2 728 
2 420 
2 688 
2 297 
2 270 
2 285 
2 1141 
2 576 
2 530 
2 338 
2 955 
2 378 
2 1116 
2 206 
2 952 
2 474 
2 242 
2 594 
2 1069 
2 753 
2 290 
2 42 
2 534 
2 125 
2 159 
2 1339 
2 1334 
2 1048 
2 598 
2 621 
2 25 
2 31 
2 1052 
2 585 
2 18 
2 1244 
2 1058 
2 447 
2 359 
2 1268 
2 695 
2 799 
2 1336 
2 1198 
2 455 
2 1197 
2 156 
2 379 
2 291 
2 57 
2 396 
2 590 
2 498 
2 217 
2 1360 
2 1044 
2 602 
2 895 
2 225 
2 905 
2 1174 
2 1175 
2 356 
2 1164 
2 610 
2 366 
2 553 
2 1034 
2 401 
2 258 
2 419 
2 861 
2 748 
2 528 
2 306 
2 972 
2 371 
2 628 
2 957 
2 563 
2 599 
2 690 
2 430 
2 347 
2 327 
2 350 
2 1024 
2 469 
2 1070 
2 234 
2 1306 
2 709 
2 400 
2 694 
2 1294 
2 915 
2 540 
2 326 
2 818 
2 804 
2 14 
2 1338 
2 816 
2 684 
2 432 
2 1270 
2 922 
2 660 
2 195 
2 1283 
2 903 
2 1156 
2 506 
2 1066 
2 237 
2 68 
2 1314 
2 135 
2 227 
2 1134 
2 601 
2 812 
2 449 
2 883 
2 1039 
2 997 
2 6 
2 1126 
2 938 
2 611 
2 951 
2 53 
2 264 
2 1160 
2 445 
2 1346 
2 1094 
2 1016 
2 70 
2 671 
2 965 
2 331 
2 1057 
2 28 
2 1329 
2 1249 
2 1144 
2 743 
2 221 
2 169 
2 243 
2 352 
2 58 
2 230 
2 623 
2 1236 
2 481 
2 438 
2 552 
2 866 
2 214 
2 207 
2 91 
2 920 
2 547 
2 852 
2 1213 
2 994 
2 55 
2 719 
2 730 
2 1157 
2 882 
2 386 
2 344 
2 342 
2 155 
2 226 
2 303 
2 43 
2 448 
2 97 
2 1351 
2 463 
2 862 
2 1253 
2 980 
2 510 
2 1204 
2 937 
2 1123 
2 503 
2 609 
2 928 
2 440 
2 888 
2 721 
2 131 
2 657 
2 880 
2 355 
2 587 
2 1191 
2 45 
2 373 
2 960 
2 17 
2 948 
2 1210 
2 1333 
2 680 
2 1020 
2 1133 
2 308 
2 1163 
2 526 
2 175 
2 295 
2 1287 
2 970 
2 1258 
2 446 
2 700 
2 32 
2 631 
2 476 
2 417 
2 1055 
2 884 
2 9 
2 954 
2 80 
2 321 
2 1032 
2 398 
2 726 
2 1348 
2 958 
2 92 
2 37 
2 1082 
2 778 
2 796 
2 184 
2 705 
2 559 
2 775 
2 1064 
2 162 
2 260 
2 298 
2 60 
2 713 
2 872 
2 276 
2 337 
2 580 
2 836 
2 1300 
2 800 
2 341 
2 66 
2 1091 
2 110 
2 22 
2 487 
2 667 
2 200 
2 72 
2 1311 
2 284 
2 992 
2 34 
2 87 
2 403 
2 1254 
2 637 
2 81 
2 1056 
2 288 
2 479 
2 23 
2 935 
2 1041 
2 940 
2 86 
2 943 
2 608 
2 910 
2 192 
2 724 
2 210 
2 323 
2 1011 
2 1104 
2 145 
2 1136 
2 197 
2 634 
2 875 
2 141 
2 320 
2 698 
2 312 
2 496 
2 1046 
2 571 
2 810 
2 339 
2 383 
2 513 
2 717 
2 423 
2 605 
2 251 
2 77 
2 1155 
2 950 
2 729 
2 564 
2 541 
2 966 
2 961 
2 975 
2 555 
2 813 
2 459 
2 517 
2 76 
2 817 
2 1302 
2 744 
2 843 
2 985 
2 931 
2 173 
2 849 
2 1345 
2 380 
2 218 
2 1042 
2 1232 
2 305 
2 780 
2 1105 
2 491 
2 1148 
2 769 
2 429 
2 1363 
2 240 
2 483 
2 887 
0 2 
0 1172 
0 1228 
0 941 
0 324 
0 93 
0 784 
0 689 
0 845 
0 1321 
0 806 
0 842 
0 1280 
0 574 
0 1359 
0 606 
0 676 
0 703 
0 639 
0 165 
0 984 
0 868 
0 618 
0 83 
0 518 
0 391 
0 968 
0 786 
0 33 
0 102 
0 1189 
0 442 
0 562 
0 375 
0 802 
0 873 
0 759 
0 44 
0 1342 
0 296 
0 1190 
0 567 
0 505 
0 198 
0 768 
0 1309 
0 785 
0 49 
0 7 
0 75 
0 27 
0 287 
0 974 
0 215 
0 1231 
0 410 
0 591 
0 582 
0 103 
0 772 
0 163 
0 832 
0 119 
0 557 
0 886 
0 1255 
0 1332 
0 346 
0 1107 
0 1169 
0 878 
0 1098 
0 825 
0 990 
0 1031 
0 219 
0 376 
0 1266 
0 853 
0 1357 
0 652 
0 600 
0 74 
0 1364 
0 1074 
0 622 
0 1239 
0 865 
0 143 
0 1202 
0 708 
0 372 
0 99 
0 1135 
0 1180 
0 675 
0 1313 
0 101 
0 1114 
0 1053 
0 1185 
0 773 
0 1050 
0 185 
0 707 
0 578 
0 1207 
0 384 
0 993 
0 674 
0 250 
0 1068 
0 1025 
0 1183 
0 776 
0 471 
0 761 
0 805 
0 1000 
0 153 
0 301 
0 869 
0 1264 
0 245 
0 249 
0 736 
0 277 
0 572 
0 613 
0 65 
0 39 
0 750 
0 422 
0 733 
0 579 
0 988 
0 1179 
0 238 
0 1014 
0 1026 
0 1372 
0 976 
0 353 
0 3 
0 755 
0 281 
0 1304 
0 232 
0 522 
0 1004 
0 656 
0 987 
0 874 
0 1279 
0 1097 
0 122 
0 1067 
0 633 
0 548 
0 121 
0 519 
0 899 
0 1109 
0 751 
0 535 
0 435 
0 1200 
0 36 
0 1108 
0 654 
0 177 
0 1131 
0 764 
0 1361 
0 749 
0 1083 
0 1009 
0 126 
0 644 
0 29 
0 1177 
0 716 
0 21 
0 160 
0 617 
0 388 
0 583 
0 443 
0 1247 
0 1193 
0 1216 
0 1194 
0 516 
0 377 
0 399 
0 1208 
0 515 
0 88 
0 811 
0 201 
0 152 
0 1010 
0 643 
0 1365 
0 1246 
0 1089 
0 369 
0 876 
0 1049 
0 947 
0 1257 
0 821 
0 1018 
0 336 
0 595 
0 913 
0 364 
0 706 
0 1167 
0 228 
0 693 
0 343 
0 464 
0 520 
0 981 
0 715 
0 1130 
0 444 
0 412 
0 209 
0 51 
0 1261 
0 944 
0 282 
0 314 
0 1223 
0 190 
0 1230 
0 11 
0 408 
0 120 
0 1121 
0 433 
0 989 
0 561 
0 428 
0 164 
0 1325 
0 1310 
0 801 
0 427 
0 789 
0 113 
0 636 
0 1234 
0 767 
0 418 
0 760 
0 927 
0 452 
0 1117 
0 107 
0 545 
0 529 
0 1272 
0 79 
0 241 
0 727 
0 896 
0 933 
0 1225 
0 475 
0 624 
0 946 
0 710 
0 1238 
0 549 
0 1101 
0 404 
0 855 
0 779 
0 358 
0 770 
0 788 
0 714 
0 56 
0 117 
0 424 
0 1045 
0 996 
0 104 
0 1205 
0 1368 
0 1110 
0 635 
0 732 
0 462 
0 1289 
0 171 
0 658 
0 389 
0 1355 
0 472 
0 794 
0 90 
0 279 
0 551 
0 1103 
0 142 
0 527 
0 1178 
0 212 
0 395 
0 450 
0 942 
0 560 
0 431 
0 1076 
0 495 
0 204 
0 597 
0 1371 
0 1075 
0 235 
0 500 
0 664 
0 493 
0 1147 
0 1145 
0 1252 
0 1324 
0 267 
0 461 
0 739 
0 507 
0 822 
0 686 
0 834 
0 575 
0 663 
0 1369 
0 64 
0 1241 
0 1326 
0 1331 
0 20 
0 746 
0 826 
0 1353 
0 492 
0 1276 
0 202 
0 959 
0 901 
0 109 
0 838 
0 1308 
0 181 
0 892 
0 1086 
0 1092 
0 334 
0 111 
0 1106 
0 677 
0 1354 
0 672 
0 1337 
0 1102 
0 252 
0 1161 
0 348 
0 711 
0 1187 
0 47 
0 1347 
0 1170 
0 154 
0 614 
0 983 
0 254 
0 394 
0 332 
0 1166 
0 795 
0 5 
0 682 
0 415 
0 1003 
0 847 
0 283 
0 963 
0 932 
0 26 
0 1054 
0 1315 
0 186 
0 407 
0 1005 
0 392 
0 365 
0 521 
0 870 
0 188 
0 275 
0 536 
0 1192 
0 441 
0 1206 
0 486 
0 1240 
0 1203 
0 881 
0 982 
0 494 
0 67 
0 1256 
0 1128 
0 1299 
0 172 
0 584 
0 223 
0 722 
0 307 
0 734 
0 63 
0 1122 
0 797 
0 1237 
0 465 
0 1344 
0 840 
0 333 
0 436 
0 823 
0 1118 
0 98 
0 1099 
0 1132 
0 969 
0 851 
0 803 
0 1085 
0 1214 
0 1184 
0 387 
0 649 
0 907 
0 889 
0 999 
0 697 
0 1297 
0 704 
0 781 
0 133 
0 538 
0 1285 
0 696 
0 416 
0 762 
0 211 
0 673 
0 581 
0 129 
0 246 
0 390 
0 1226 
0 434 
0 607 
0 1242 
0 1001 
0 626 
0 1171 
0 991 
0 1158 
0 573 
0 1043 
0 1100 
0 354 
0 149 
0 790 
0 292 
0 35 
0 642 
0 670 
0 325 
0 1274 
0 189 
0 363 
0 1059 
0 923 
0 1168 
0 930 
0 85 
0 731 
0 568 
0 1277 
0 402 
0 480 
0 641 
0 1366 
0 917 
0 1080 
0 16 
0 484 
0 665 
0 650 
0 1013 
0 1 
0 603 
0 1196 
0 1033 
0 1079 
0 69 
0 50 
0 485 
0 588 
0 374 
0 977 
0 687 
0 262 
0 4 
0 84 
0 116 
0 269 
0 278 
0 524 
0 569 
0 692 
0 939 
0 1124 
0 1350 
0 329 
0 539 
0 829 
0 893 
0 144 
0 619 
0 1036 
0 1278 
0 1317 
0 1343 
0 1176 
0 108 
0 123 
0 300 
0 302 
0 426 
0 701 
0 879 
0 979 
0 1012 
0 1125 
0 1142 
0 233 
0 953 
0 1154 
0 1312 
0 220 
0 1151 
0 54 
0 187 
0 421 
0 604 
0 679 
0 752 
0 897 
0 1088 
0 1271 
0 1352 
0 570 
0 203 
0 532 
0 550 
0 629 
0 949 
0 1072 
0 1120 
0 1212 
0 854 
0 647 
0 839 
0 894 
0 1030 
0 1188 
0 38 
0 319 
0 699 
0 777 
0 864 
0 41 
0 1281 
0 167 
0 168 
0 229 
0 340 
0 362 
0 367 
0 718 
0 820 
0 902 
0 1017 
0 1211 
0 1218 
0 1288 
0 1318 
0 1323 
0 0 
0 0 
0 0 
